1.0
1.0
1.0
0.75
0.75
0.6666666666666666
0.6666666666666666
0.6666666666666666
0.6666666666666666
0.5
0.5
0.5
0.5
0.5
0.5
0.4375
0.4375
0.4444444444444444
0.4444444444444444
0.4444444444444444
0.4444444444444444
0.4090909090909091
0.4090909090909091
0.4090909090909091
0.4090909090909091
0.4090909090909091
0.4090909090909091
0.35714285714285715
0.35714285714285715
0.36666666666666664
0.36666666666666664
0.36666666666666664
0.36666666666666664
0.36666666666666664
0.36666666666666664
0.3333333333333333
0.3333333333333333
0.3333333333333333
0.3333333333333333
0.325
0.325
0.3333333333333333
0.3333333333333333
0.3333333333333333
0.3333333333333333
0.32608695652173914
0.32608695652173914
0.32608695652173914
0.32608695652173914
0.32608695652173914
0.32608695652173914
0.3076923076923077
0.3076923076923077
0.3076923076923077
0.3076923076923077
0.3076923076923077
0.3076923076923077
0.29310344827586204
0.29310344827586204
0.3
0.3
0.3
0.3
0.3
0.3
0.2878787878787879
0.2878787878787879
0.2878787878787879
0.2878787878787879
0.2857142857142857
0.2857142857142857
0.2916666666666667
0.2916666666666667
0.2916666666666667
0.2916666666666667
0.2916666666666667
0.2916666666666667
0.28205128205128205
0.28205128205128205
0.28205128205128205
0.28205128205128205
0.2804878048780488
0.2804878048780488
0.2804878048780488
0.2804878048780488
0.2804878048780488
0.2804878048780488
0.2727272727272727
0.2727272727272727
0.2727272727272727
0.2727272727272727
0.2727272727272727
0.2727272727272727
0.2727272727272727
0.2727272727272727
0.2604166666666667
0.2604166666666667
0.2604166666666667
0.2604166666666667
0.26
0.26
0.2647058823529412
0.2647058823529412
0.2647058823529412
0.2647058823529412
0.2641509433962264
0.2641509433962264
0.26851851851851855
0.26851851851851855
0.26851851851851855
0.26851851851851855
0.26785714285714285
0.26785714285714285
0.26785714285714285
0.26785714285714285
0.26785714285714285
0.26785714285714285
0.26785714285714285
0.26785714285714285
0.26785714285714285
0.26785714285714285
0.26785714285714285
0.26785714285714285
0.26785714285714285
0.26785714285714285
0.24603174603174602
0.24603174603174602
0.24603174603174602
0.24603174603174602
0.24615384615384617
0.24615384615384617
0.24615384615384617
0.24615384615384617
0.24615384615384617
0.24615384615384617
0.2426470588235294
0.2426470588235294
0.2463768115942029
0.2463768115942029
0.2463768115942029
0.2463768115942029
0.2463768115942029
0.2463768115942029
0.2463768115942029
0.2463768115942029
0.2463768115942029
0.2463768115942029
0.23648648648648649
0.23648648648648649
0.24
0.24
0.24
0.24
0.24
0.24
0.23717948717948717
0.23717948717948717
0.23717948717948717
0.23717948717948717
0.23717948717948717
0.23717948717948717
0.2345679012345679
0.2345679012345679
0.2345679012345679
0.2345679012345679
0.23493975903614459
0.23493975903614459
0.23493975903614459
0.23493975903614459
0.23493975903614459
0.23493975903614459
0.23255813953488372
0.23255813953488372
0.23255813953488372
0.23255813953488372
0.23255813953488372
0.23255813953488372
0.2303370786516854
0.2303370786516854
0.23333333333333334
0.23333333333333334
0.23333333333333334
0.23333333333333334
0.23333333333333334
0.23333333333333334
0.23333333333333334
0.23333333333333334
0.23333333333333334
0.23333333333333334
0.22631578947368422
0.22631578947368422
0.22916666666666666
0.22916666666666666
0.22916666666666666
0.22916666666666666
0.22959183673469388
0.22959183673469388
0.23232323232323232
0.23232323232323232
0.23232323232323232
0.23232323232323232
0.23232323232323232
0.23232323232323232
0.23232323232323232
0.23232323232323232
0.23232323232323232
0.23232323232323232
0.23232323232323232
0.23232323232323232
0.22380952380952382
0.22380952380952382
0.22380952380952382
0.22380952380952382
0.22380952380952382
0.22380952380952382
0.22380952380952382
0.22380952380952382
0.22380952380952382
0.22380952380952382
0.22380952380952382
0.22380952380952382
0.21621621621621623
0.21621621621621623
0.21621621621621623
0.21621621621621623
0.2168141592920354
0.2168141592920354
0.21929824561403508
0.21929824561403508
0.21929824561403508
0.21929824561403508
0.21982758620689655
0.21982758620689655
0.21982758620689655
0.21982758620689655
0.21982758620689655
0.21982758620689655
0.2184873949579832
0.2184873949579832
0.22083333333333333
0.22083333333333333
0.22083333333333333
0.22083333333333333
0.22083333333333333
0.22083333333333333
0.22083333333333333
0.22083333333333333
0.22083333333333333
0.22083333333333333
0.216
0.216
0.216
0.216
0.216
0.216
0.21484375
0.21484375
0.21484375
0.21484375
0.21484375
0.21484375
0.21374045801526717
0.21374045801526717
0.21374045801526717
0.21374045801526717
0.21374045801526717
0.21374045801526717
0.2126865671641791
0.2126865671641791
0.21481481481481482
0.21481481481481482
0.21481481481481482
0.21481481481481482
0.21481481481481482
0.21481481481481482
0.213768115942029
0.213768115942029
0.213768115942029
0.213768115942029
0.21428571428571427
0.21428571428571427
0.21631205673758866
0.21631205673758866
0.21631205673758866
0.21631205673758866
0.21631205673758866
0.21631205673758866
0.21631205673758866
0.21631205673758866
0.21631205673758866
0.21631205673758866
0.21232876712328766
0.21232876712328766
0.21232876712328766
0.21232876712328766
0.21232876712328766
0.21232876712328766
0.21232876712328766
0.21232876712328766
0.21232876712328766
0.21232876712328766
0.21232876712328766
0.21232876712328766
0.21232876712328766
0.21232876712328766
0.20588235294117646
0.20588235294117646
0.20588235294117646
0.20588235294117646
0.2064516129032258
0.2064516129032258
0.20833333333333334
0.20833333333333334
0.20833333333333334
0.20833333333333334
0.2088607594936709
0.2088607594936709
0.2088607594936709
0.2088607594936709
0.2088607594936709
0.2088607594936709
0.2088607594936709
0.2088607594936709
0.2088607594936709
0.2088607594936709
0.2088607594936709
0.2088607594936709
0.2088607594936709
0.2088607594936709
0.20303030303030303
0.20303030303030303
0.20303030303030303
0.20303030303030303
0.20303030303030303
0.20303030303030303
0.20238095238095238
0.20238095238095238
0.20238095238095238
0.20238095238095238
0.20238095238095238
0.20238095238095238
0.20238095238095238
0.20238095238095238
0.20238095238095238
0.20238095238095238
0.1994219653179191
0.1994219653179191
0.20114942528735633
0.20114942528735633
0.20114942528735633
0.20114942528735633
0.20170454545454544
0.20170454545454544
0.20170454545454544
0.20170454545454544
0.20170454545454544
0.20170454545454544
0.2011173184357542
0.2011173184357542
0.2011173184357542
0.2011173184357542
0.2011173184357542
0.2011173184357542
0.2011173184357542
0.2011173184357542
0.1994535519125683
0.1994535519125683
0.1994535519125683
0.1994535519125683
0.1994535519125683
0.1994535519125683
0.1989247311827957
0.1989247311827957
0.1989247311827957
0.1989247311827957
0.1989247311827957
0.1989247311827957
0.1984126984126984
0.1984126984126984
0.1984126984126984
0.1984126984126984
0.19895287958115182
0.19895287958115182
0.19895287958115182
0.19895287958115182
0.19895287958115182
0.19895287958115182
0.19845360824742267
0.19845360824742267
0.19845360824742267
0.19845360824742267
0.19845360824742267
0.19845360824742267
0.19845360824742267
0.19845360824742267
0.19696969696969696
0.19696969696969696
0.19696969696969696
0.19696969696969696
0.1975
0.1975
0.1975
0.1975
0.1975
0.1975
0.1975
0.1975
0.19607843137254902
0.19607843137254902
0.19607843137254902
0.19607843137254902
0.19607843137254902
0.19607843137254902
0.19607843137254902
0.19607843137254902
0.19607843137254902
0.19607843137254902
0.1937799043062201
0.1937799043062201
0.19523809523809524
0.19523809523809524
0.19523809523809524
0.19523809523809524
0.19523809523809524
0.19523809523809524
0.19523809523809524
0.19523809523809524
0.19523809523809524
0.19523809523809524
0.1930232558139535
0.1930232558139535
0.19444444444444445
0.19444444444444445
0.19444444444444445
0.19444444444444445
0.19444444444444445
0.19444444444444445
0.19406392694063926
0.19406392694063926
0.19406392694063926
0.19406392694063926
0.19457013574660634
0.19457013574660634
0.19457013574660634
0.19457013574660634
0.19457013574660634
0.19457013574660634
0.19419642857142858
0.19419642857142858
0.19419642857142858
0.19419642857142858
0.19419642857142858
0.19419642857142858
0.19419642857142858
0.19419642857142858
0.19298245614035087
0.19298245614035087
0.19298245614035087
0.19298245614035087
0.1934782608695652
0.1934782608695652
0.19480519480519481
0.19480519480519481
0.19480519480519481
0.19480519480519481
0.19527896995708155
0.19527896995708155
0.19527896995708155
0.19527896995708155
0.19527896995708155
0.19527896995708155
0.19527896995708155
0.19527896995708155
0.19527896995708155
0.19527896995708155
0.19527896995708155
0.19527896995708155
0.19246861924686193
0.19246861924686193
0.19246861924686193
0.19246861924686193
0.19246861924686193
0.19246861924686193
0.19246861924686193
0.19246861924686193
0.19135802469135801
0.19135802469135801
0.19135802469135801
0.19135802469135801
0.19183673469387755
0.19183673469387755
0.19183673469387755
0.19183673469387755
0.19183673469387755
0.19183673469387755
0.19183673469387755
0.19183673469387755
0.19076305220883535
0.19076305220883535
0.19076305220883535
0.19076305220883535
0.19123505976095617
0.19123505976095617
0.19123505976095617
0.19123505976095617
0.19123505976095617
0.19123505976095617
0.19094488188976377
0.19094488188976377
0.19094488188976377
0.19094488188976377
0.19094488188976377
0.19094488188976377
0.19094488188976377
0.19094488188976377
0.19094488188976377
0.19094488188976377
0.19094488188976377
0.19094488188976377
0.18846153846153846
0.18846153846153846
0.1896551724137931
0.1896551724137931
0.1896551724137931
0.1896551724137931
0.1896551724137931
0.1896551724137931
0.1896551724137931
0.1896551724137931
0.1896551724137931
0.1896551724137931
0.1896551724137931
0.1896551724137931
0.1896551724137931
0.1896551724137931
0.1896551724137931
0.1896551724137931
0.1896551724137931
0.1896551724137931
0.18518518518518517
0.18518518518518517
0.18518518518518517
0.18518518518518517
0.18518518518518517
0.18518518518518517
0.184981684981685
0.184981684981685
0.184981684981685
0.184981684981685
0.184981684981685
0.184981684981685
0.184981684981685
0.184981684981685
0.184981684981685
0.184981684981685
0.18345323741007194
0.18345323741007194
0.18345323741007194
0.18345323741007194
0.18345323741007194
0.18345323741007194
0.18327402135231316
0.18327402135231316
0.18327402135231316
0.18327402135231316
0.18327402135231316
0.18327402135231316
0.18309859154929578
0.18309859154929578
0.18421052631578946
0.18421052631578946
0.18421052631578946
0.18421052631578946
0.18421052631578946
0.18421052631578946
0.1840277777777778
0.1840277777777778
0.1840277777777778
0.1840277777777778
0.1840277777777778
0.1840277777777778
0.1840277777777778
0.1840277777777778
0.1840277777777778
0.1840277777777778
0.1825938566552901
0.1825938566552901
0.1825938566552901
0.1825938566552901
0.1825938566552901
0.1825938566552901
0.18243243243243243
0.18243243243243243
0.18243243243243243
0.18243243243243243
0.18243243243243243
0.18243243243243243
0.18227424749163879
0.18227424749163879
0.18333333333333332
0.18333333333333332
0.18333333333333332
0.18333333333333332
0.18333333333333332
0.18333333333333332
0.18316831683168316
0.18316831683168316
0.18316831683168316
0.18316831683168316
0.18316831683168316
0.18316831683168316
0.1830065359477124
0.1830065359477124
0.1830065359477124
0.1830065359477124
0.18344155844155843
0.18344155844155843
0.18446601941747573
0.18446601941747573
0.18446601941747573
0.18446601941747573
0.18446601941747573
0.18446601941747573
0.18446601941747573
0.18446601941747573
0.18446601941747573
0.18446601941747573
0.18446601941747573
0.18446601941747573
0.18253968253968253
0.18253968253968253
0.18253968253968253
0.18253968253968253
0.18253968253968253
0.18253968253968253
0.18253968253968253
0.18253968253968253
0.18253968253968253
0.18253968253968253
0.18125
0.18125
0.1822429906542056
0.1822429906542056
0.1822429906542056
0.1822429906542056
0.1826625386996904
0.1826625386996904
0.1826625386996904
0.1826625386996904
0.1826625386996904
0.1826625386996904
0.18251533742331288
0.18251533742331288
0.18251533742331288
0.18251533742331288
0.18251533742331288
0.18251533742331288
0.182370820668693
0.182370820668693
0.18333333333333332
0.18333333333333332
0.18333333333333332
0.18333333333333332
0.18333333333333332
0.18333333333333332
0.18333333333333332
0.18333333333333332
0.18333333333333332
0.18333333333333332
0.18333333333333332
0.18333333333333332
0.18154761904761904
0.18154761904761904
0.18154761904761904
0.18154761904761904
0.1819526627218935
0.1819526627218935
0.1819526627218935
0.1819526627218935
0.1819526627218935
0.1819526627218935
0.18181818181818182
0.18181818181818182
0.18181818181818182
0.18181818181818182
0.18181818181818182
0.18181818181818182
0.18181818181818182
0.18181818181818182
0.18115942028985507
0.18115942028985507
0.18115942028985507
0.18115942028985507
0.18115942028985507
0.18115942028985507
0.18115942028985507
0.18115942028985507
0.18115942028985507
0.18115942028985507
0.18
0.18
0.18
0.18
0.18
0.18
0.18
0.18
0.17937853107344634
0.17937853107344634
0.17937853107344634
0.17937853107344634
0.17937853107344634
0.17937853107344634
0.17937853107344634
0.17937853107344634
0.17937853107344634
0.17937853107344634
0.17827298050139276
0.17827298050139276
0.17827298050139276
0.17827298050139276
0.17827298050139276
0.17827298050139276
0.17827298050139276
0.17827298050139276
0.17768595041322313
0.17768595041322313
0.17768595041322313
0.17768595041322313
0.17768595041322313
0.17768595041322313
0.17759562841530055
0.17759562841530055
0.17759562841530055
0.17759562841530055
0.17759562841530055
0.17759562841530055
0.17750677506775067
0.17750677506775067
0.17750677506775067
0.17750677506775067
0.1778975741239892
0.1778975741239892
0.1778975741239892
0.1778975741239892
0.1778975741239892
0.1778975741239892
0.1778975741239892
0.1778975741239892
0.17733333333333334
0.17733333333333334
0.17733333333333334
0.17733333333333334
0.17733333333333334
0.17733333333333334
0.17724867724867724
0.17724867724867724
0.17724867724867724
0.17724867724867724
0.17763157894736842
0.17763157894736842
0.17763157894736842
0.17763157894736842
0.17763157894736842
0.17763157894736842
0.17763157894736842
0.17763157894736842
0.17708333333333334
0.17708333333333334
0.17708333333333334
0.17708333333333334
0.17746113989637305
0.17746113989637305
0.17746113989637305
0.17746113989637305
0.17746113989637305
0.17746113989637305
0.17746113989637305
0.17746113989637305
0.17746113989637305
0.17746113989637305
0.17746113989637305
0.17746113989637305
0.17746113989637305
0.17746113989637305
0.17557251908396945
0.17557251908396945
0.17557251908396945
0.17557251908396945
0.17557251908396945
0.17557251908396945
0.17557251908396945
0.17557251908396945
0.17557251908396945
0.17557251908396945
0.17462311557788945
0.17462311557788945
0.17462311557788945
0.17462311557788945
0.17462311557788945
0.17462311557788945
0.17462311557788945
0.17462311557788945
0.17462311557788945
0.17462311557788945
0.17462311557788945
0.17462311557788945
0.17326732673267325
0.17326732673267325
0.17407407407407408
0.17407407407407408
0.17407407407407408
0.17407407407407408
0.17407407407407408
0.17407407407407408
0.17407407407407408
0.17407407407407408
0.17407407407407408
0.17407407407407408
0.17317073170731706
0.17317073170731706
0.17396593673965938
0.17396593673965938
0.17396593673965938
0.17396593673965938
0.17433414043583534
0.17433414043583534
0.1751207729468599
0.1751207729468599
0.1751207729468599
0.1751207729468599
0.1751207729468599
0.1751207729468599
0.1751207729468599
0.1751207729468599
0.1751207729468599
0.1751207729468599
0.17422434367541767
0.17422434367541767
0.17422434367541767
0.17422434367541767
0.17422434367541767
0.17422434367541767
0.17422434367541767
0.17422434367541767
0.17422434367541767
0.17422434367541767
0.17422434367541767
0.17422434367541767
0.17422434367541767
0.17422434367541767
0.17253521126760563
0.17253521126760563
0.17253521126760563
0.17253521126760563
0.17289719626168223
0.17289719626168223
0.17365967365967366
0.17365967365967366
0.17365967365967366
0.17365967365967366
0.1740139211136891
0.1740139211136891
0.1740139211136891
0.1740139211136891
0.1740139211136891
0.1740139211136891
0.1740139211136891
0.1740139211136891
0.1740139211136891
0.1740139211136891
0.1740139211136891
0.1740139211136891
0.1740139211136891
0.1740139211136891
0.1723744292237443
0.1723744292237443
0.1723744292237443
0.1723744292237443
0.17272727272727273
0.17272727272727273
0.17346938775510204
0.17346938775510204
0.17346938775510204
0.17346938775510204
0.17381489841986456
0.17381489841986456
0.17381489841986456
0.17381489841986456
0.17381489841986456
0.17381489841986456
0.17381489841986456
0.17381489841986456
0.17381489841986456
0.17381489841986456
0.17381489841986456
0.17381489841986456
0.17381489841986456
0.17381489841986456
0.17381489841986456
0.17381489841986456
0.17381489841986456
0.17381489841986456
0.17381489841986456
0.17381489841986456
0.17108167770419427
0.17108167770419427
0.17108167770419427
0.17108167770419427
0.17142857142857143
0.17142857142857143
0.17142857142857143
0.17142857142857143
0.17142857142857143
0.17142857142857143
0.17142857142857143
0.17142857142857143
0.1710239651416122
0.1710239651416122
0.1710239651416122
0.1710239651416122
0.1710239651416122
0.1710239651416122
0.1710239651416122
0.1710239651416122
0.1710239651416122
0.1710239651416122
0.17025862068965517
0.17025862068965517
0.17025862068965517
0.17025862068965517
0.17025862068965517
0.17025862068965517
0.17025862068965517
0.17025862068965517
0.16987179487179488
0.16987179487179488
0.16987179487179488
0.16987179487179488
0.1702127659574468
0.1702127659574468
0.1702127659574468
0.1702127659574468
0.1702127659574468
0.1702127659574468
0.17019027484143764
0.17019027484143764
0.17019027484143764
0.17019027484143764
0.17019027484143764
0.17019027484143764
0.17016806722689076
0.17016806722689076
0.17016806722689076
0.17016806722689076
0.17016806722689076
0.17016806722689076
0.17016806722689076
0.17016806722689076
0.17016806722689076
0.17016806722689076
0.17016806722689076
0.17016806722689076
0.17016806722689076
0.17016806722689076
0.16873706004140787
0.16873706004140787
0.16873706004140787
0.16873706004140787
0.16907216494845362
0.16907216494845362
0.16907216494845362
0.16907216494845362
0.16907216494845362
0.16907216494845362
0.16905737704918034
0.16905737704918034
0.16905737704918034
0.16905737704918034
0.16905737704918034
0.16905737704918034
0.1690427698574338
0.1690427698574338
0.1690427698574338
0.1690427698574338
0.1690427698574338
0.1690427698574338
0.1690427698574338
0.1690427698574338
0.1686868686868687
0.1686868686868687
0.1686868686868687
0.1686868686868687
0.1686868686868687
0.1686868686868687
0.1686746987951807
0.1686746987951807
0.1686746987951807
